"","Age","BMI","Alcohol.Consumption.NUM","Physical.Activity.NUM","Diet.Quality.NUM","Sleep.Quality.NUM","SystolicBP","DiastolicBP","CholesterolTotal","CholesterolLDL","CholesterolHDL","CholesterolTriglycerides","MMSE","FunctionalAssessment","ADL","Cognitive.Test.Score"
"Age",1,0.00788427841392145,-0.0141683044072402,-0.0189882190425188,-0.0155450373303592,0.0179955799124692,0.00202866543616861,-0.0110153648266359,-0.00560654700658819,0.0153066341817134,0.0229648820891849,0.00410333970357706,-0.0385993830109616,-0.0485177948712882,-0.0800688442133698,-0.00760979509736696
"BMI",0.00788427841392145,1,-0.00660390279391425,0.00107630671952743,0.00488711603472235,0.00354565229853174,0.0099127217924833,0.00807704523391407,-0.00456053053282458,-0.00534325342285921,0.0209891576002585,-0.00908650949436915,-0.00649358557757087,-0.0143521607891923,-0.000834126948587746,0.012802821820352
"Alcohol.Consumption.NUM",-0.0141683044072402,-0.00660390279391425,1,-0.000446977731305324,0.00577538653193725,1.88699368936094e-05,-0.0105201946054175,-0.00159485446420395,-0.015040740685091,0.00461751413571176,0.00363015374139824,0.00259768950081522,-0.0288232742198016,-0.00334041951546273,-0.0017914374187103,0.0120335341823032
"Physical.Activity.NUM",-0.0189882190425188,0.00107630671952743,-0.000446977731305324,1,0.0323134544091295,0.000319715380896263,-0.0266145771648557,-0.000381819020762986,-0.00784515009857803,-0.00189366605559947,0.00289538280867889,0.0125179323918839,-0.0208209642544378,-0.00939001705202012,-0.0103549446735479,0.0217756362448517
"Diet.Quality.NUM",-0.0155450373303592,0.00488711603472235,0.00577538653193725,0.0323134544091295,1,0.033109646143885,-0.00497416853687671,0.00483860306800006,-0.0245624384005229,-0.0136110104059144,-0.0183541283388173,0.0295448481380131,0.0228357375782367,0.00519747160789547,-0.00328682287432893,-0.00738390304613282
"Sleep.Quality.NUM",0.0179955799124692,0.00354565229853174,1.88699368936094e-05,0.000319715380896263,0.033109646143885,1,-0.0113440454871699,0.00895533751604334,0.00775288338893839,-0.000240863693029103,0.00347778956527651,0.00974487646961173,0.0160483623786205,0.00420260669179622,0.0219622749221413,0.0218567108264163
"SystolicBP",0.00202866543616861,0.0099127217924833,-0.0105201946054175,-0.0266145771648557,-0.00497416853687671,-0.0113440454871699,1,0.0122315903277545,-0.000856207386715906,-0.00701321377824238,0.00483951976290812,-0.0270400545156936,0.00480542844421946,0.0134827131847425,0.0161400585613881,-0.013411725114312
"DiastolicBP",-0.0110153648266359,0.00807704523391407,-0.00159485446420395,-0.000381819020762986,0.00483860306800006,0.00895533751604334,0.0122315903277545,1,0.00848792698880513,-0.00697665460746062,-0.00963952637860936,-0.001054157733008,-0.0216980340936862,0.0296206047338936,-0.0213569100730006,0.03485605877232
"CholesterolTotal",-0.00560654700658819,-0.00456053053282458,-0.015040740685091,-0.00784515009857803,-0.0245624384005229,0.00775288338893839,-0.000856207386715906,0.00848792698880513,1,-0.00267699324478565,-0.0184816847619881,0.0136690225164809,-0.0252679334752589,0.00411232785086673,-0.00783321731720868,0.0079518454184184
"CholesterolLDL",0.0153066341817134,-0.00534325342285921,0.00461751413571176,-0.00189366605559947,-0.0136110104059144,-0.000240863693029103,-0.00701321377824238,-0.00697665460746062,-0.00267699324478565,1,-0.0185305305373604,-0.00391929906921764,0.0120036130290841,-0.02750299657506,-0.023235502267561,0.0162629936664029
"CholesterolHDL",0.0229648820891849,0.0209891576002585,0.00363015374139824,0.00289538280867889,-0.0183541283388173,0.00347778956527651,0.00483951976290812,-0.00963952637860936,-0.0184816847619881,-0.0185305305373604,1,0.0114421354986484,-0.0143591698563924,0.000253072123008256,0.0124646482074411,-0.0413838736239853
"CholesterolTriglycerides",0.00410333970357706,-0.00908650949436915,0.00259768950081522,0.0125179323918839,0.0295448481380131,0.00974487646961173,-0.0270400545156936,-0.001054157733008,0.0136690225164809,-0.00391929906921764,0.0114421354986484,1,-0.0191712201938488,-0.0107543127665394,-0.00930426395000873,0.00761478000219536
"MMSE",-0.0385993830109616,-0.00649358557757087,-0.0288232742198016,-0.0208209642544378,0.0228357375782367,0.0160483623786205,0.00480542844421946,-0.0216980340936862,-0.0252679334752589,0.0120036130290841,-0.0143591698563924,-0.0191712201938488,1,0.0306456612170012,-0.00796211033658674,0.00222984455539609
"FunctionalAssessment",-0.0485177948712882,-0.0143521607891923,-0.00334041951546273,-0.00939001705202012,0.00519747160789547,0.00420260669179622,0.0134827131847425,0.0296206047338936,0.00411232785086673,-0.02750299657506,0.000253072123008256,-0.0107543127665394,0.0306456612170012,1,0.0487986802770736,0.00135041918319608
"ADL",-0.0800688442133698,-0.000834126948587746,-0.0017914374187103,-0.0103549446735479,-0.00328682287432893,0.0219622749221413,0.0161400585613881,-0.0213569100730006,-0.00783321731720868,-0.023235502267561,0.0124646482074411,-0.00930426395000873,-0.00796211033658674,0.0487986802770736,1,0.0321970109546223
"Cognitive.Test.Score",-0.00760979509736696,0.012802821820352,0.0120335341823032,0.0217756362448517,-0.00738390304613282,0.0218567108264163,-0.013411725114312,0.03485605877232,0.0079518454184184,0.0162629936664029,-0.0413838736239853,0.00761478000219536,0.00222984455539609,0.00135041918319608,0.0321970109546223,1
